USER 2 -> Gaussian process

[df_122;df_123]
54,29;3,41
65,91;5,90
48,74;11,00
57,07;1,79
62,88;3,44
57,32;5,61
42,93;13,72
60,10;2,50
60,10;2,50
57,32;5,61
68,94;13,68
57,58;12,69
51,52;7,13
48,74;5,33
48,74;11,00
65,91;5,90
54,29;3,41
63,13;6,79
54,55;9,36
60,10;2,50

51,28;14,50
56,41;7,25
56,41;3,63
66,67;7,25
61,54;12,56
61,54;6,28
69,23;0,00
64,10;3,63
64,10;9,59
53,85;10,88
66,67;9,59
64,10;7,25
58,97;7,25
61,54;0,00
56,41;3,63
58,97;3,63
51,28;14,50
58,97;3,63
56,41;3,63
64,10;3,63

81,43;3,09
81,43;3,09
81,43;3,09
34,76;4,71
48,73;4,37
79,37;8,98
67,62;5,39
53,65;7,64
81,43;3,09
78,89;6,22
81,27;6,97
76,83;2,47
53,33;7,50
46,51;8,75
81,43;3,09
81,43;3,09
81,43;3,09
79,05;0,67
53,33;7,50
74,44;3,02



MULTI-LABEL

58,68;3,38
50,18;7,51
53,60;6,08
37,98;3,01
39,65;2,16
34,56;3,23
36,32;4,96
37,89;1,49
56,93;1,36
51,75;4,47
58,77;6,20
58,77;6,20
36,23;0,87
36,32;4,96
53,60;6,08
50,18;7,51
58,68;3,38
50,18;7,51
37,72;9,69
53,68;9,91
