USER 1 -> Gaussian process

[df_122;df_123]
77,78;10,39
58,33;11,79
63,89;3,93
38,89;7,86
50,00;20,41
72,22;7,86
47,22;3,93
55,56;3,93
50,00;6,80
80,56;7,86
75,00;11,79
77,78;10,39
50,00;6,80
61,11;3,93
63,89;3,93
58,33;11,79
77,78;10,39
66,67;13,61
63,89;3,93
47,22;10,39

65,38;11,32
60,07;2,07
54,95;6,47
45,05;1,55
47,62;10,00
67,58;12,78
60,44;17,67
60,07;2,07
52,56;12,69
62,64;5,00
54,95;1,55
47,62;10,00
57,69;5,44
55,13;4,80
54,95;6,47
57,51;3,15
65,38;11,32
54,95;6,47
45,05;12,66
60,07;2,07

95,24;6,73
66,67;23,57
95,24;3,37
52,38;6,73
59,52;6,73
80,95;12,14
85,71;5,83
52,38;3,37
97,62;3,37
92,86;0,00
92,86;0,00
95,24;3,37
61,90;6,73
42,86;5,83
95,24;3,37
100,00;0,00
95,24;6,73
100,00;0,00
73,81;8,91
69,05;16,84



MULTI-LABEL
74,56;0,62
64,39;4,17
65,96;7,02
44,04;4,30
42,37;2,05
62,72;6,13
57,37;10,79
42,37;2,05
71,40;9,06
67,81;6,14
66,23;8,08
73,07;8,14
42,37;2,05
37,28;2,06
65,96;7,02
64,47;6,73
74,56;0,62
66,14;8,32
44,04;1,36
66,14;1,61
