USER 3 -> Gaussian process

[df_122;df_123]
41,03;3,63
51,28;3,63
53,85;0,00
41,03;7,25
46,15;6,28
53,85;6,28
53,85;6,28
58,97;7,25
66,67;9,59
41,03;9,59
43,59;9,59
38,46;6,28
38,46;10,88
33,33;9,59
53,85;0,00
53,85;0,00
41,03;3,63
51,28;3,63
53,85;0,00
51,28;9,59

58,97;13,07
46,15;10,88
48,72;20,19
48,72;22,06
53,85;16,62
53,85;22,65
46,15;12,56
58,97;7,25
64,10;3,63
51,28;9,59
48,72;3,63
61,54;6,28
51,28;3,63
41,03;15,81
48,72;20,19
46,15;10,88
58,97;13,07
46,15;10,88
35,90;13,07
58,97;3,63

82,05;9,59
58,97;3,63
56,41;3,63
43,59;9,59
48,72;13,07
79,49;7,25
76,92;6,28
56,41;3,63
79,49;7,25
87,18;3,63
74,36;9,59
87,18;3,63
61,54;0,00
38,46;10,88
56,41;3,63
58,97;3,63
82,05;9,59
58,97;3,63
58,97;3,63
56,41;3,63



MULTI-LABEL
39,65;2,16
25,79;3,67
29,21;4,09
36,23;4,38
38,16;9,55
43,07;4,51
43,25;10,39
36,23;0,87
46,58;1,12
41,32;6,95
37,89;4,55
37,98;6,78
29,39;5,30
22,28;12,05
29,21;4,09
25,79;3,67
39,65;2,16
25,79;3,67
29,56;10,30
41,40;0,99
